1.0
1.0
1.0
1.0
1.0
1.0
1.0
1.0
-2.0
-1.732050808i
1.0
+1.732050808i
1.0
-1.0
-1.0
-1.732050808i
+1.732050808i
1.0
-2.0
1.0
1.0
1.0
1.154700538
+0.5773502692i
-0.5773502692i
-1.0
-1.0
1.333333333
0.3333333333
0.3333333333
1.333333333
0.3333333333
0.3333333333
1.333333333
0.3333333333
0.3333333333
1.333333333
+0.3333333333i
-0.3333333333i
-0.3333333333i
1.333333333
0.3333333333
+0.3333333333i
0.3333333333
1.333333333
1.333333333
-0.1666666667
-0.1666666667
+0.2886751346i
-0.2886751346i
+0.2886751346i
-0.2886751346i
1.333333333
-0.1666666667
-0.1666666667
-2.0i
+1.0i
1.732050808
+1.0i
-1.732050808
-1.154700538i
0.5773502692
-0.5773502692
-2.0i
+1.0i
+1.0i
-1.0i
1.732050808
-1.732050808
-1.0i
+1.0i
+1.0i
+1.0i
+1.0i
1.0
1.0
1.0
1.0
1.0
1.0
-1.0
-0.8660254038i
-0.5
1.0
-1.0
1.0
+0.8660254038i
-0.5
-0.5773502692
0.5
+0.2886751346i
0.5
-0.2886751346i
1.0
1.0
1.0
1.0
1.0
1.0
1.0
1.0
-0.5
+0.8660254038i
+0.8660254038i
-0.5
1.0
1.0
1.0
-0.5
-0.8660254038i
-0.8660254038i
-0.5
-0.8660254038i
+0.8660254038i
0.5
-0.5
1.0
-0.5
-0.5
-0.5
0.5
1.0
1.0
1.0
1.0
1.0
1.0
1.0
1.0
