1.0
1.0
1.0
-1.414213562
1.414213562
-1.414213562
1.414213562
-1.414213562
1.414213562
1.333333333
0.1666666667
0.1666666667
+0.2886751346i
-0.2886751346i
1.333333333
-0.3333333333
-0.3333333333
+0.2886751346i
-0.2886751346i
1.333333333
0.1666666667
0.1666666667
+1.414213562i
+1.414213562i
+1.414213562i
-1.414213562i
-1.414213562i
-1.414213562i
1.0
1.0
1.0
0.5
-0.8660254038i
-1.0
-0.8660254038i
0.5
0.5
+0.8660254038i
-1.0
+0.8660254038i
0.5
0.7071067812
0.7071067812
-0.7071067812
0.7071067812
-0.7071067812
-0.7071067812
1.0
1.0
1.0
